[{"id": 0, "img_name": "frame_00001", "width": 532, "height": 946, "position": [-3.433915225062356, 0.009341479546924929, -3.203286523798549], "rotation": [[0.9999986752992162, -5.743796668717263e-05, -0.0016266839560033306], [5.7989155534238575e-05, 0.9999999409269698, 0.0003387968632671315], [0.0016266644001072346, -0.0003388907444915909, 0.9999986195570434]], "fy": 852.0847535176775, "fx": 865.4469531234747}, {"id": 1, "img_name": "frame_00002", "width": 532, "height": 946, "position": [-3.4305619611216636, 0.020807925269214902, -3.2044464665983496], "rotation": [[0.9999880293942813, -0.002904236351793868, 0.003937826729957787], [0.0028719716513028637, 0.9999624633374626, 0.008174576130158309], [-0.003961419818242407, -0.008163168948794356, 0.9999588340655516]], "fy": 852.0847535176775, "fx": 865.4469531234747}, {"id": 2, "img_name": "frame_00003", "width": 532, "height": 946, "position": [-3.15628777077469, 0.02773891270629224, -3.2104708025878983], "rotation": [[0.9994850754700626, -0.0013653708096021903, -0.03205806723986232], [0.0016678591236451385, 0.9999543265619558, 0.009410793588692911], [0.032043753814853235, -0.00945941608016035, 0.9994417027965541]], "fy": 852.0847535176775, "fx": 865.4469531234747}, {"id": 3, "img_name": "frame_00004", "width": 532, "height": 946, "position": [-2.924056602635991, 0.03312499294918121, -3.1651916685376524], "rotation": [[0.9978863976965431, -0.004827351561967371, -0.06480303981383759], [0.0055632309255404565, 0.9999220261067798, 0.011179989632442005], [0.06474401712811585, -0.011516873855763622, 0.9978354442806211]], "fy": 852.0847535176775, "fx": 865.4469531234747}, {"id": 4, "img_name": "frame_00005", "width": 532, "height": 946, "position": [-2.6249847078452455, 0.028621111419007042, -3.0289808469388264], "rotation": [[0.9921094156558378, -0.006466796146600142, -0.1252081783056932], [0.007583079514172226, 0.9999356223179896, 0.008440860419218455], [0.12514553236977216, -0.009323720670060038, 0.9920945841807389]], "fy": 852.0847535176775, "fx": 865.4469531234747}, {"id": 5, "img_name": "frame_00006", "width": 532, "height": 946, "position": [-2.400605431912878, 0.028579274061577613, -3.003828429287924], "rotation": [[0.9782740559479323, -0.020075292952244955, -0.20634159559348056], [0.0223013000400744, 0.9997154360146462, 0.008467526827127318], [0.2061128901250587, -0.012885247647099671, 0.9784433795153241]], "fy": 852.0847535176775, "fx": 865.4469531234747}, {"id": 6, "img_name": "frame_00007", "width": 532, "height": 946, "position": [-2.098503874313767, -0.001454834696482322, -2.9793372775385665], "rotation": [[0.9589537971752794, -0.01918666297520571, -0.2829125074064218], [0.02821557788910073, 0.9992131544023831, 0.02787388084970289], [0.28215509218778406, -0.03471230377136058, 0.958740611385263]], "fy": 852.0847535176775, "fx": 865.4469531234747}, {"id": 7, "img_name": "frame_00008", "width": 532, "height": 946, "position": [-1.6251461441221777, 0.0038706817317176513, -2.772835457422281], "rotation": [[0.9371586885102148, -0.027680497284077742, -0.34780365527107443], [0.03922987363848336, 0.9988864812019532, 0.02620714952620551], [0.3466909424316171, -0.03820455132685674, 0.9372010471045104]], "fy": 852.0847535176775, "fx": 865.4469531234747}, {"id": 8, "img_name": "frame_00009", "width": 532, "height": 946, "position": [-1.2349588786317147, 0.005979112022923119, -2.7051155614219233], "rotation": [[0.9170287379064647, -0.017677533562524342, -0.39842916391853467], [0.03185073548126625, 0.9990723838305993, 0.02898107169078259], [0.3975472607162312, -0.03926673750376645, 0.9167411296668385]], "fy": 852.0847535176775, "fx": 865.4469531234747}, {"id": 9, "img_name": "frame_00010", "width": 532, "height": 946, "position": [-0.8136487349563652, -0.008612920349089621, -2.6125109775930837], "rotation": [[0.8920828766785733, -0.01547866037266958, -0.45160663437326637], [0.03988423136547522, 0.9982096819077683, 0.04457217780159698], [0.45010819724291484, -0.05777406008460441, 0.8911031190362168]], "fy": 852.0847535176775, "fx": 865.4469531234747}, {"id": 10, "img_name": "frame_00011", "width": 532, "height": 946, "position": [-0.36471737635730417, -0.051200760996492685, -2.286994513739619], "rotation": [[0.8342284482232283, -0.01606273437283783, -0.5511849823240218], [0.05437977416003245, 0.9970995863818708, 0.05324711259219649], [0.5487310236694918, -0.07439357096933738, 0.8326823285389584]], "fy": 852.0847535176775, "fx": 865.4469531234747}, {"id": 11, "img_name": "frame_00012", "width": 532, "height": 946, "position": [0.1743860677047678, -0.042150267214397144, -2.100038618026904], "rotation": [[0.777360644492677, 0.012778021618677743, -0.628925393474808], [0.05214918478886923, 0.9950431327749757, 0.08467364668666641], [0.6268898554928017, -0.0986199071226223, 0.7728410075813392]], "fy": 852.0847535176775, "fx": 865.4469531234747}, {"id": 12, "img_name": "frame_00013", "width": 532, "height": 946, "position": [0.5452413957344325, -0.04454375512138003, -1.7880996790077297], "rotation": [[0.718347680830216, 0.0404478048003269, -0.6945074402284577], [0.03945416347677678, 0.9943330040858537, 0.09871801238856871], [0.6945645962977078, -0.09831506533810822, 0.7126809731551458]], "fy": 852.0847535176775, "fx": 865.4469531234747}, {"id": 13, "img_name": "frame_00014", "width": 532, "height": 946, "position": [1.0632720784917191, -0.10668139120564975, -1.3069947487963756], "rotation": [[0.5756085668310813, 0.06530609892436416, -0.8151134223124715], [0.027784052474804782, 0.9946683605860983, 0.09931212854954137], [0.8172532191547156, -0.07981206608179305, 0.570725161429746]], "fy": 852.0847535176775, "fx": 865.4469531234747}, {"id": 14, "img_name": "frame_00015", "width": 532, "height": 946, "position": [1.3545260356484599, -0.12367491844727922, -1.0052598171717744], "rotation": [[0.521391892454866, 0.06830351461333137, -0.8505792875292695], [0.02648380188648041, 0.9950157922874786, 0.09613626441753814], [0.8529062684257697, -0.07265124217787043, 0.5169842302140768]], "fy": 852.0847535176775, "fx": 865.4469531234747}, {"id": 15, "img_name": "frame_00016", "width": 532, "height": 946, "position": [1.753931933789416, -0.11872973183421275, -0.3651868712880983], "rotation": [[0.408419972571661, 0.07340236350217053, -0.9098380180212623], [0.009429197433613219, 0.9963690138390365, 0.08461606524285963], [0.9127454279481882, -0.04313793335014043, 0.4062448799258365]], "fy": 852.0847535176775, "fx": 865.4469531234747}, {"id": 16, "img_name": "frame_00017", "width": 532, "height": 946, "position": [2.050880349289519, -0.14697846498110734, 0.15725772540999902], "rotation": [[0.325449298195046, 0.07516253277348099, -0.9425674235678991], [-0.005584374738945634, 0.9969710632453527, 0.07757263570490446], [0.9455430022284164, -0.019982310139375462, 0.32488326860330424]], "fy": 852.0847535176775, "fx": 865.4469531234747}, {"id": 17, "img_name": "frame_00018", "width": 532, "height": 946, "position": [2.1343161692546113, -0.13820625320389374, 0.7431194021327606], "rotation": [[0.23944753866264556, 0.06754935821969378, -0.9685566376998861], [-0.01762382587476903, 0.997714877809558, 0.06522594084406924], [0.9707493378776709, 0.0014514825406068395, 0.24009084990581717]], "fy": 852.0847535176775, "fx": 865.4469531234747}, {"id": 18, "img_name": "frame_00019", "width": 532, "height": 946, "position": [2.2727598248063936, -0.09598293994874761, 1.4422292411348712], "rotation": [[0.1587727922114856, 0.06610293465561425, -0.9850997931597001], [-0.00929426863629086, 0.9978120421506755, 0.06545796444753688], [0.9872713998814534, -0.0012371616766347555, 0.15903978246684372]], "fy": 852.0847535176775, "fx": 865.4469531234747}, {"id": 19, "img_name": "frame_00020", "width": 532, "height": 946, "position": [2.1783466612203752, -0.07031930870887697, 1.9237052687818836], "rotation": [[0.07940403387459276, 0.05113207470319738, -0.9955302659090727], [-0.008604964031847875, 0.9986815439024046, 0.050607592935451085], [0.9968053741821684, 0.004548055107005362, 0.07973933280565194]], "fy": 852.0847535176775, "fx": 865.4469531234747}, {"id": 20, "img_name": "frame_00021", "width": 532, "height": 946, "position": [2.187383869999542, -0.02555088488526097, 2.586796432461963], "rotation": [[-0.049686214362979625, 0.08901237400102849, -0.9947904690822972], [0.004539704783253667, 0.9960305153206488, 0.0888965895328028], [0.9987545600310201, -9.912004716340479e-05, -0.04989307559631207]], "fy": 852.0847535176775, "fx": 865.4469531234747}, {"id": 21, "img_name": "frame_00022", "width": 532, "height": 946, "position": [2.095313818164643, -0.040461692349361124, 3.0613247643511636], "rotation": [[-0.1582743624551843, 0.06498505159802871, -0.9852543677945337], [0.010487452106558725, 0.9978862209191698, 0.06413348148955025], [0.9873394753263527, -0.00018212210023301913, -0.1586213330350714]], "fy": 852.0847535176775, "fx": 865.4469531234747}, {"id": 22, "img_name": "frame_00023", "width": 532, "height": 946, "position": [1.9741355830509209, 0.0221775625392475, 3.693736565100247], "rotation": [[-0.2843148354682322, 0.055912854921158606, -0.9570991730156478], [0.006365423663657479, 0.9983860462777489, 0.056433890344961636], [0.9587098391662902, 0.009952650523879234, -0.28421187349105476]], "fy": 852.0847535176775, "fx": 865.4469531234747}, {"id": 23, "img_name": "frame_00024", "width": 532, "height": 946, "position": [1.716976139534401, 0.04192688550675919, 4.029866128853019], "rotation": [[-0.3941182890531155, 0.04123706397984354, -0.9181341289747192], [0.016618544890843887, 0.9991493170250412, 0.03774210187714408], [0.9189094613723136, -0.0003832006210938159, -0.39446831933341386]], "fy": 852.0847535176775, "fx": 865.4469531234747}, {"id": 24, "img_name": "frame_00025", "width": 532, "height": 946, "position": [1.4571732982947947, 0.11683121747903046, 4.549265236268931], "rotation": [[-0.4819591852537973, 0.04687464559713888, -0.8749389186392601], [0.016053117301494176, 0.9988727406498824, 0.044671527973610556], [0.8760465976044881, 0.007484356133645056, -0.48216837644008165]], "fy": 852.0847535176775, "fx": 865.4469531234747}, {"id": 25, "img_name": "frame_00026", "width": 532, "height": 946, "position": [1.1040695156116769, 0.15513131118348963, 4.861397835801712], "rotation": [[-0.5625462708931105, 0.03869683009398208, -0.8258597026401835], [0.024002848892666725, 0.999247399281399, 0.03047126965514303], [0.8264173015791059, -0.002681486535135903, -0.5630517323307609]], "fy": 852.0847535176775, "fx": 865.4469531234747}, {"id": 26, "img_name": "frame_00027", "width": 532, "height": 946, "position": [0.6737503074872296, 0.2352329243016222, 5.274961933000179], "rotation": [[-0.6589011735223818, 0.052707087335223814, -0.7503807076914123], [0.027086596514294497, 0.9985577385400848, 0.04635470948009021], [0.751741684237411, 0.01021791301337249, -0.6593785213620104]], "fy": 852.0847535176775, "fx": 865.4469531234747}, {"id": 27, "img_name": "frame_00028", "width": 532, "height": 946, "position": [0.13834172734698696, 0.2735570433190257, 5.63793428282365], "rotation": [[-0.7143073536816932, 0.06795393031146912, -0.6965251379752782], [0.05087702086388604, 0.9976833940170016, 0.04515942925604364], [0.6979803243819069, -0.0031794115713291724, -0.7161098785226943]], "fy": 852.0847535176775, "fx": 865.4469531234747}, {"id": 28, "img_name": "frame_00029", "width": 532, "height": 946, "position": [-0.15158404738234077, 0.31246856373614385, 5.792644815661894], "rotation": [[-0.7681117421670649, 0.07359484953418895, -0.6360724405813507], [0.05700954392287053, 0.9972880913007953, 0.04654433210738705], [0.6377728933145264, -0.0005109517164424443, -0.7702243020585373]], "fy": 852.0847535176775, "fx": 865.4469531234747}, {"id": 29, "img_name": "frame_00030", "width": 532, "height": 946, "position": [-0.8418210998690947, 0.33610264377858856, 6.000705008666638], "rotation": [[-0.8514035715865275, 0.06643199082239477, -0.5202871792434226], [0.03138516004781307, 0.9966219085437079, 0.07589297160785165], [0.5235713227617392, 0.04828625069385982, -0.85061243111975]], "fy": 852.0847535176775, "fx": 865.4469531234747}]